   5.60296680881779     
   4.83662901703244     
   4.78466046562733     
   5.02622165407629     
   5.63514979828862     
   5.05808469059108     
   4.52156631696820     
   4.93005890389576     
   5.94459711552061     
   4.55210514550125     
   5.74744556413797     
   5.04749776016287     
   5.11045844091191     
   5.35629151351962     
   4.51250735624670     
   3.57942802054774     
   4.03577520167269     
   2.84721780236132     
   3.79395588155183     
   3.02843428987065     
   1.87136956882947     
   2.42326266670571     
   3.51754838886654     
   1.03219473090498     
   2.14950260468174     
