   25.4970046350840        5.35944816249643       -3.29192259209293     
  -5.25310484110228        1.75783780775696       -18.4918996100751     
  0.207738794967674       -26.4378323749316        5.14394669606227     
  -5.00000000000000       -15.8104302843800        3.30801862970293     
  -3.02865544149281       -10.0000000000000       0.000000000000000E+000
  -8.48815710642605        2.47347572072308       -10.0000000000000     
  0.000000000000000E+000  0.000000000000000E+000   1.78355743176967     
  -5.00000000000000       0.000000000000000E+000  0.000000000000000E+000
  0.000000000000000E+000  -6.06350101484276        5.95522702917668     
   2.96512728064032        4.80552598647530       -1.00000000000000     
  -3.83498701384561        7.31835346592615        5.95184087566374     
  -4.00000000000000       0.000000000000000E+000  -1.98108531502565     
  -2.00752297416919       -6.00000000000000       0.000000000000000E+000
  0.000000000000000E+000   1.53150524943852       -4.00000000000000     
  0.000000000000000E+000  0.000000000000000E+000  0.000000000000000E+000
  -1.00000000000000       0.000000000000000E+000  0.000000000000000E+000
  0.000000000000000E+000  0.000000000000000E+000
  -64.9651492649389       -16.6107097200079        33.4672454006558     
  0.588992882008389       -51.0267411772581        86.3147496587581     
   2.90577124195886        60.7680348014836       -49.5345059402526     
   9.05122662148282        30.8582172278419       -19.7486483543116     
  -37.5027479687541       -22.5369691550864       -10.0000000000000     
   17.5859710369143       -11.3581859632353       -3.01700448432061     
  -10.0000000000000       0.000000000000000E+000  -5.00000000000000     
  -1.84804098867117       -5.00000000000000       0.000000000000000E+000
  0.000000000000000E+000   20.6710479826720       -4.44884895680502     
  -16.4163815472249       -22.4729509382922       -8.38464722782505     
   16.4228381207318       -24.1040243635971       -21.4470570069454     
  0.987278318026473       -4.00000000000000        8.08284399098973     
  -1.17914956688684       -6.77748874761714       -6.00000000000000     
  0.000000000000000E+000  -4.00000000000000        2.95513305812847     
  -4.00000000000000       0.000000000000000E+000  0.000000000000000E+000
  0.000000000000000E+000  -1.00000000000000       0.000000000000000E+000
  0.000000000000000E+000  0.000000000000000E+000
   48.6737053363052       3.182711004922023E-002  -21.6107570322449     
  -6.12527730931648        99.7409824972201       -90.6242006594958     
  -6.26304839092871        24.9830671598749        36.5049610785877     
   27.2489044509192       -36.0336422659578        1.64640329257438     
  -48.0590863279913       -56.3451582307218       -38.9312496129542     
  -10.0000000000000       -13.0103311780930       -14.9924964947370     
  -25.0719178263178       -10.0000000000000       0.000000000000000E+000
  -5.00000000000000       1.218105666086511E-002  -5.00000000000000     
  0.000000000000000E+000  -11.3509313556750        16.9131508653431     
   14.9200830021161        40.1224838735883        20.0342169284739     
  -11.6783488467387       -13.3357823478937       -2.68366749725335     
   10.5409980111815       7.935279048371946E-002  -6.00000000000000     
  -12.0221131481281       -7.78530666532018       -18.6666030474052     
  -6.00000000000000       0.000000000000000E+000  -4.00000000000000     
  -3.93771147541871       -4.00000000000000       0.000000000000000E+000
  0.000000000000000E+000  0.000000000000000E+000  -1.00000000000000     
  0.000000000000000E+000  0.000000000000000E+000
   19.5927515577379       -28.5884376077161        73.9221141620967     
  -63.0051131481872       -215.052170947463       -39.1732591856339     
   16.9216754113631       -100.395390902212       -73.8066089692462     
  -102.151588629402       -10.0000000000000       -8.97480769829404     
   15.2426075182619        18.0808312691652       -32.9539380914993     
  0.000000000000000E+000  -10.0000000000000        3.41053764334771     
   26.1831443140553       -3.31411781721801       0.000000000000000E+000
  0.000000000000000E+000  -5.00000000000000        9.09022270515232     
  -5.00000000000000       -1.37974916584980        16.9890671744484     
  -23.3322652527854       -41.4760148651725       -59.0495039755043     
  -4.00000000000000       -16.2365287095355        3.17796318417092     
  -40.3363463932840       -2.09074832763990       0.000000000000000E+000
  -6.00000000000000       -7.59464838356323        27.8908577887491     
  -17.0332430340396       0.000000000000000E+000  0.000000000000000E+000
  -4.00000000000000        10.1998348217429       -4.00000000000000     
  0.000000000000000E+000  0.000000000000000E+000  0.000000000000000E+000
  -1.00000000000000       0.000000000000000E+000
   14.0475356597416        3.15638009927436       -34.4612322965050     
  -86.9822188609657       -274.329896452472       -5.00000000000000     
   1.79667741245495        21.6583388374680       -96.3061478011671     
  -117.995051162662       0.000000000000000E+000  -10.0000000000000     
  -56.4974119719222       -243.848552218632       -405.918082136244     
  0.000000000000000E+000  0.000000000000000E+000  -10.0000000000000     
  -51.8096749093441       -100.957388611294       0.000000000000000E+000
  0.000000000000000E+000  0.000000000000000E+000  -5.00000000000000     
  -3.00856235996116       -1.00000000000000        9.98615659028005     
   2.38719082390694       -17.7493378924570       -84.6569158700518     
  0.000000000000000E+000  -4.00000000000000       -9.11446631514066     
  -19.2431580552202       -13.0549590842920       0.000000000000000E+000
  0.000000000000000E+000  -6.00000000000000       -40.4099723137942     
  -104.816051422899       0.000000000000000E+000  0.000000000000000E+000
  0.000000000000000E+000  -4.00000000000000       -8.93209929205604     
  0.000000000000000E+000  0.000000000000000E+000  0.000000000000000E+000
  0.000000000000000E+000  -1.00000000000000     
   182.680058706178       -59.6110479233473        95.3935582813354     
  -15.0524350460707       -5.00000000000000       -207.953021966253     
  -18.0426588876212        10.4552568500376       -25.5769181883073     
   1.83183210901648       -94.4137525956821        3.35653359493718     
  -69.6158633859661       -32.1725814845487       -5.00000000000000     
   2.00964220462650       -43.7743971757406       -24.3650043737274     
  -10.0000000000000       0.000000000000000E+000  -17.0362859083076     
  -31.2604125738219       -10.0000000000000       0.000000000000000E+000
  0.000000000000000E+000  -44.0344794531826        39.0183889521543     
  -16.2832695040899       -4.00000000000000       0.000000000000000E+000
  -23.9638541644584       -28.2074561910191       -14.3768241475288     
  -2.28031677380387       -1.00000000000000       -13.3590387956890     
  -26.4743453151045       -18.7277588937476       -4.00000000000000     
  0.000000000000000E+000  -15.3475732968890       -6.84527228773189     
  -6.00000000000000       0.000000000000000E+000  0.000000000000000E+000
  -5.20244409889141       -4.00000000000000       0.000000000000000E+000
  0.000000000000000E+000  0.000000000000000E+000
   81.0582810768059       -59.0050183557501        63.9890003892433     
  -20.9543956426497       -21.9855145420962       -173.042227955112     
  -42.8380970681444        24.4962784914493       -59.6715559274157     
   5.90020392936496       -111.632715821422        21.5178707721046     
  -140.890419703090       -104.677158276821       -41.6076271198756     
  0.420549519815408       -67.8571517226099       -42.3741144044320     
  -50.0281943511327       -10.0000000000000       -17.2284093126741     
  -27.4387022783257       -8.83010791429324       -10.0000000000000     
  0.000000000000000E+000  -18.7913778936840        27.0514503816257     
  -15.8917324009157       -4.67233417556257       -4.00000000000000     
  -19.2545317820787       -43.9384447831706       -21.0934192491466     
  -8.16398121573778       -5.12242765166024       -11.8739653130896     
  -43.6153936843059       -25.5334881620208       -22.9225332308602     
  -4.00000000000000       -17.0111961644189       -14.5527877195539     
  -23.4042561650317       -6.00000000000000       0.000000000000000E+000
  -4.00000000000000       -1.22542187757982       -4.00000000000000     
  0.000000000000000E+000  0.000000000000000E+000
  -16.8690572235233       -11.7168244082928        34.0179163701378     
  -39.5412648531803       -48.3421649028987       -5.68884137747125     
   6.19151465294074       -93.5737001991988       -1.84000776900450     
  -68.8844660054752       -24.5230684488410        16.8188556832057     
  -20.0038960255250        57.5118725926337      -0.556146700164547     
   4.78206778874926       -51.9582324581092        6.49681319461849     
   11.3121250147870        13.4016502406285       -10.0000000000000     
  -26.0884123351504       -22.6875971145780        11.2371003124752     
  -10.0000000000000        7.82202530465347        9.72548396406358     
  -5.84476844879434       -1.23456165093101       -17.7123435270087     
   2.17366866553150       -21.7837112961192        5.89582539237823     
  -24.3664364500540        3.87409673269499      -0.774780817335888     
  -22.1041518659080       -12.9466030100234        33.0304838733380     
  -10.1634079031698       -6.00000000000000       -4.26514237560903     
  -25.9990829623976        18.2861225511803       -6.00000000000000     
  0.000000000000000E+000  -4.00000000000000       -2.61057377234281     
  -4.00000000000000       0.000000000000000E+000
   49.0113252717859        19.0182634585258       -83.7002374069047     
   53.5781428407999       -8.92445796136169       -26.9405922826194     
  -2.65086122922082        263.260094751017       -129.577243594564     
   158.680679310542       -6.89388569445371       -29.2744442056916     
  -248.428922821270       -585.465229127794       -504.090182673098     
  -10.0000000000000        5.24073564445901       -51.0509943247147     
  -214.052380900945       -129.802738157331       0.000000000000000E+000
  -10.0000000000000        18.3873564340058       -42.9430922996315     
   33.0421398505440       -4.00000000000000        34.2643474861890     
   15.5188950047739        10.4254349235882        6.74470796200654     
  -1.49853849224936       -11.8646007150925       -37.7470300884830     
   58.9193785938318       -36.9045210901722       -4.00000000000000     
   2.82677297852303       -3.41057956323399       -194.348790827543     
  -83.5784842701636       0.000000000000000E+000  -6.00000000000000     
  -2.01027750224465       -41.0451596137694        4.74992831423232     
  0.000000000000000E+000  0.000000000000000E+000  -4.00000000000000     
   4.59806380793211       -4.00000000000000     
  -5.00000000000000       -9.22948551737706        32.3343947775913     
  -20.2965124777813       -30.4665150686451       -6.15817237459324     
   1.93440692806313       -87.0496585047604       -65.0136335668951     
  -75.0902869539396       -5.00000000000000        2.91661654784239     
  -12.2789139014437       -157.997861805862       -402.149403292981     
  0.000000000000000E+000  -10.0000000000000        4.81938102653555     
  -13.8797665107037       -103.128336307729       0.000000000000000E+000
  0.000000000000000E+000  -10.0000000000000       -2.92342745886240     
   41.1188530019626       0.000000000000000E+000  -4.00000000000000     
  -6.55023822561458       -5.28573101761950       -2.77614829793786     
  -1.00000000000000      -0.768927047031095        9.75659502105368     
  -22.5544956464868       -18.1077927944698       0.000000000000000E+000
  -4.00000000000000       -6.21870266832966       -7.80836760012623     
  -116.093371713596       0.000000000000000E+000  0.000000000000000E+000
  -6.00000000000000        9.83005688711311       -5.13556912262075     
  0.000000000000000E+000  0.000000000000000E+000  0.000000000000000E+000
  -4.00000000000000       -8.31503587961329     
  -37.5976242301742       -18.3114864546617        13.0703623629944     
  -10.0000000000000       0.000000000000000E+000  -128.007642759712     
  -99.0793302655405        26.2200925457647       -28.3428717535066     
  -5.00000000000000       -225.592493646593        129.335307945834     
  -163.717322712938       -48.1046359462990       -11.5193949490801     
   92.7204713806501       -209.801933547230       -28.4159834885446     
  -48.9365336392135       -5.00000000000000       -95.9235161785394     
  -109.991967147342       -26.9930898752192       -10.0000000000000     
  0.000000000000000E+000   6.37429657299990        1.23217163420597     
  -6.00000000000000       0.000000000000000E+000  0.000000000000000E+000
  -13.3179108153417       -22.2742436321135       -14.6007231976885     
  -4.00000000000000       0.000000000000000E+000  -33.0393715880174     
  -84.7000759236643       -17.4163270982847       -8.12872838974133     
  -1.00000000000000       -102.181140174983       -11.7189883511550     
  -38.3402019459783       -4.00000000000000       0.000000000000000E+000
  -35.9430052141901       -12.3522431217184       -6.00000000000000     
  0.000000000000000E+000  0.000000000000000E+000
  -83.3514411620724        18.5785960406248       -37.1149418185573     
   12.6559366565035       -10.0000000000000        113.606181100989     
   39.5549767089926        94.7946246492964       -19.1663080571251     
   19.9588714800657        185.467287573186       -112.867183630168     
   82.7033710931160        3.44258431431091       -24.4698336215507     
  -63.4503490457532        102.771927204018        35.4537069865031     
   53.8175053907702        22.4231043811768        48.3697498234471     
  -23.7388421086348       -17.7084110455863        29.5657256394448     
  -10.0000000000000        21.1210812237035       -15.9386324219993     
  0.108431752765060       -6.00000000000000       0.000000000000000E+000
   15.3679084662742        6.95866493140026       -17.6985064335159     
   7.28077805600392       -4.00000000000000        13.2283286113662     
   54.3311453304050       -7.98023308344456       -4.68531821468471     
  -3.77050210721961        60.1813047789749        22.9778452886321     
   51.5150192813712        22.6743160933176       -4.00000000000000     
   8.35360117814758       -12.7060115482516        13.5490822456705     
  -6.00000000000000       0.000000000000000E+000
   8.67947038447758       -87.2553850345233        56.0072506331759     
  -27.1760924004600       -51.4889682233442       -190.928423418077     
  -113.927758533815        84.8401430588047       -158.206343425331     
 -0.743578784722933       -176.344145127714        75.8887685210199     
  -357.102208546675       -279.474397387462       -285.164453338304     
  -9.38073226073021       -197.459436371932       -15.1293526252937     
  -192.966175912935       -25.2079628619206       -35.9843265116336     
  -91.7740574997068       -45.5520169820220       -11.1093767963770     
   15.7581831514670       -6.00000000000000        3.87984517402307     
  -24.4392130403748       -15.9520201776224       -6.00000000000000     
  -19.5686492063149       -61.6691086897383       -37.6836608093923     
  -13.7393681842663       -17.2508189734118       -20.7990634265030     
  -81.6292689093752       -24.1135762721542       -79.5190082413800     
  -54.9421465697079       -30.9327771887218       -36.2185785986240     
  -119.746050401429        24.5556568805197       -9.29565441795222     
  -6.00000000000000       -6.56386241689876       -21.0281052934712     
  -10.4873840231500       -6.00000000000000     
  -10.0000000000000        2.26796377634956       -12.1435424738840     
  -41.6021559207223       -6.83883523964167       -23.1240609102033     
  -17.6211288446164       -91.5584586336623        5.80185285601680     
  -106.269116156949       -22.9367072274424       -1.38804396834894     
  -57.0321710676368       -13.1251797296025       -191.135822495846     
   6.29776678047010       -64.7380329140292        16.3283686008997     
   8.49294171230936       -18.2204721034864       -10.0000000000000     
  -32.2947982326274       -44.9412800045013        23.6915426046491     
   53.7597171136074       0.000000000000000E+000  -6.00000000000000     
   7.18387261591184        16.6771276294386       -9.47212210111847     
  -4.00000000000000       -2.05042847246521        5.83496152182213     
  -21.6033938902963        2.35211168587525       0.483348872510516     
  -16.9302453571925       -39.9964569836039        26.3798176794844     
  -66.9398633720459       -4.00000000000000      -0.733576079836533     
  -41.3487070166415        49.3395630369816       -5.34175254857396     
  0.000000000000000E+000  -6.00000000000000       -2.74217787199306     
  -11.4238808860790       -11.3994985297373     
  0.000000000000000E+000  -10.0000000000000        18.0883520766926     
   48.2460002467353        128.757335999931       -5.00000000000000     
   5.40356734021442        54.3565110697616        374.455293418733     
   288.198133755747       0.972955400121582        19.1505004726199     
   257.604988582692        1416.82586506620        2660.84046508374     
  -5.00000000000000        1.81276798433529        50.1961574619328     
   269.927706759920        726.640617860182       0.000000000000000E+000
  -10.0000000000000        40.0032621770912        84.9066344180566     
  -222.928802015584       0.000000000000000E+000  0.000000000000000E+000
  -6.00000000000000       -9.80065660737979        8.69456714638669     
  0.000000000000000E+000  -4.00000000000000        1.45009475759543     
   33.9485362204296        109.618718508382       -1.00000000000000     
   3.02848544530343        34.6492168863228        224.585174297283     
   716.070053686362       0.000000000000000E+000  -4.00000000000000     
  -4.16521090642189        21.7083261697935        20.8367042509229     
  0.000000000000000E+000  0.000000000000000E+000  -6.00000000000000     
   20.4691178910356        43.4855270204495     
  -29.7145575766599        2.50142697616379       -10.0000000000000     
  0.000000000000000E+000  0.000000000000000E+000  -16.3927435647774     
   12.1960682619164        26.8078410643910       -10.0000000000000     
  0.000000000000000E+000   20.0291100467625       -63.4563221331558     
   44.6667353416628       -4.35301903636238       -5.00000000000000     
  -32.1373654078192        25.5784954918886        1.46911323719535     
   29.1127827617278        9.40278094634082        19.1101194464039     
  -40.3237381595547        14.5264741926815        8.23491777106039     
  -5.00000000000000        5.85423673689114       -4.00000000000000     
  0.000000000000000E+000  0.000000000000000E+000  0.000000000000000E+000
  -2.93828302577724       -1.44248951599597       -6.00000000000000     
  0.000000000000000E+000  0.000000000000000E+000  -1.98184259504856     
   21.8007802256915       -1.71147156693634       -4.00000000000000     
  0.000000000000000E+000  -8.85460310928315       0.245626994037582     
   31.8549627182260        8.52295834757114       -1.00000000000000     
  -44.7707334876098       6.517660366396782E-002   4.15040788985147     
  -4.00000000000000       0.000000000000000E+000
   8.11575664019995       -21.1354500562810        15.4784737452750     
  -10.0000000000000       0.000000000000000E+000  -76.1164563122431     
  -15.9131970574525       -7.63008054727048       -30.7438386362172     
  -10.0000000000000       -72.4628852341265       -18.0806692493335     
  -72.7849815351189       -53.0632671080703       -33.2460578307583     
  -1.88470862901243       -77.4055185071092       -4.73433576784185     
  -50.0202780897734        4.03698899476155       -26.0884158791526     
  -115.309176135375       -24.5706510525903       -2.74305991468893     
   15.9399011470263       -4.00000000000000        1.53609211183869     
  -4.00000000000000       0.000000000000000E+000  0.000000000000000E+000
  -9.66585174948503       -14.8690570210354       -3.68356098421494     
  -6.00000000000000       0.000000000000000E+000  -8.15575291338711     
  -8.92389997685437       -4.15537776067630       -18.6401474028871     
  -4.00000000000000       -31.1731810790962       -17.7014312485644     
  -33.8547509786497        10.1191191799104       -1.04324419051602     
  -32.6423574681391       -12.8032072159776       -4.41556952725815     
  -6.71100239083721       -4.00000000000000     
  -10.0000000000000       -12.3214035350920       -10.4064673009414     
   1.57464722356666       -10.0000000000000       -31.8445059154308     
   12.5145943705721        51.9483995601222       -60.6505082559331     
   2.13495870305553        100.167324742869       -118.372557374772     
  -73.7567687246065       -86.1289933812035       -126.627716575129     
  -83.5926164845163        23.2570524924838        47.1085520529608     
  -26.4483717657122        38.7028947740110        45.8763840854648     
  -51.7391942928649       -28.3371634820361        42.6467191442037     
   75.6790037471405       0.000000000000000E+000  -4.00000000000000     
  -3.10463325865743       -4.00000000000000       0.000000000000000E+000
  -6.00000000000000       -7.30645003170320       -17.0869892174283     
   1.16812925040106       -6.00000000000000        7.79741608164532     
   34.9119905133094       -26.6254273344726       -38.2028191112011     
  -23.7060638442676        52.2275111989531       -1.59361126265252     
  -29.2461894120915        67.6785687334694       -5.04553953361975     
  0.880841961124360       -9.12910897489806       -2.74778627181025     
  -11.5151482155983       -15.0652713943321     
  0.000000000000000E+000  -10.0000000000000        27.2091200910385     
  -5.24705433299405       -9.41783964448609       -10.0000000000000     
   10.9310020599353        15.4610508587097        150.181972080697     
   25.2342003991666       -15.1561173386960        81.2741574032567     
   408.577136837467        203.453241900008        258.496067974750     
   19.0144746556280        187.340543783729       -215.071811204308     
   99.4722793473102       -197.813677075848        7.34849949738801     
   113.868777919720        77.3841655774278       -175.681110491816     
  -366.130167966849       0.000000000000000E+000  0.000000000000000E+000
  -4.00000000000000      -0.489212639631821       -4.00000000000000     
  0.000000000000000E+000  -6.00000000000000        10.0723901130190     
   1.32352077643928        3.26212571001909       -4.00000000000000     
 -0.528868759056989        71.4353567017588        137.123286374771     
   38.3250262168019       -6.40512839891165        15.5292890938441     
   192.470617383784       -279.942990191160       -11.6396749891473     
  -4.00000000000000        12.7454191669750        38.1210222674785     
   19.6683089733340        61.3974389533540     
  0.000000000000000E+000  0.000000000000000E+000  -10.0000000000000     
  -24.3547111731103       -75.3027209419831       0.000000000000000E+000
  -10.0000000000000       -10.7414017841362       -171.132928499574     
  -98.6042395804687       -5.00000000000000       -23.8039131816558     
  -219.795047607296       -482.247718082847       -815.647966014837     
  -5.48284788429944       -70.7144518136707        44.1556493453860     
  -120.309325384750       -137.606759664639       -5.00000000000000     
  -41.9032401647485       -5.89158722083627        41.8739203459655     
   149.821594095880       0.000000000000000E+000  0.000000000000000E+000
  0.000000000000000E+000  -4.00000000000000       -13.7509715370843     
  0.000000000000000E+000  0.000000000000000E+000  -6.00000000000000     
  -14.1148908678491       -30.3940475425191       0.000000000000000E+000
  -4.00000000000000       -26.5883130636104       -113.930677697166     
  -205.765811127764       -1.00000000000000       -7.11984638124847     
  -67.9644368722032        72.5004758763847       -5.79115517613128     
  0.000000000000000E+000  -4.00000000000000       -15.5706975963014     
   1.57026749646661       -25.6822366359632     
  -2.85918427817752       -5.00000000000000       0.000000000000000E+000
  0.000000000000000E+000  0.000000000000000E+000  -81.5310063780398     
  -41.7664023097670       -10.0000000000000       0.000000000000000E+000
  0.000000000000000E+000  -438.251993907455       -21.7755976432002     
  -89.4780918471591       -10.0000000000000       0.000000000000000E+000
   153.223651284858       -303.850953838089       -87.4921240667308     
  -56.1522725801969       -5.00000000000000       -126.639236590797     
  -229.009791402218        89.1260445549939       -38.5017535041529     
  -1.02683993987983       -1.00000000000000       0.000000000000000E+000
  0.000000000000000E+000  0.000000000000000E+000  0.000000000000000E+000
  -6.92056334763909       -4.00000000000000       0.000000000000000E+000
  0.000000000000000E+000  0.000000000000000E+000  -40.2343926926780     
  -35.7708260994435       -6.00000000000000       0.000000000000000E+000
  0.000000000000000E+000  -315.039562410405       -63.1119726322979     
  -46.7342924047283       -4.00000000000000       0.000000000000000E+000
  -295.231782274143        27.1670161035176       -26.7895311121390     
  -6.95037687197471       -1.00000000000000     
  -5.00000000000000       -2.99821098894108       -5.00000000000000     
  0.000000000000000E+000  0.000000000000000E+000  -34.2180912103576     
  -2.81321309369705      -0.269547645012692       -10.0000000000000     
  0.000000000000000E+000  -89.5782148210191       -66.7768158187367     
  -100.509000278523       -34.5546534396831       -10.0000000000000     
   9.31655186096778       -167.346403144151       -25.4806471881185     
  -100.663921726752       -5.04164390266910       -56.6166333853821     
  -263.739802751610       -62.8056461509906       -26.6860536498619     
   31.1143528549258       0.000000000000000E+000  -1.00000000000000     
  0.000000000000000E+000  0.000000000000000E+000  0.000000000000000E+000
  -4.00000000000000       -2.52063092775824       -4.00000000000000     
  0.000000000000000E+000  0.000000000000000E+000  -10.1404789723508     
   4.60389910977892       -17.7234514821366       -6.00000000000000     
  0.000000000000000E+000  -72.3380547305963       -24.5079873701003     
  -77.5153735998569      -8.444323205063409E-002  -4.00000000000000     
  -83.4937402800824       -31.7618293661128       -7.35737763248857     
  -16.0964550273038       -8.47649106569719     
  0.000000000000000E+000  -5.00000000000000        11.1007466465200     
  -5.00000000000000       0.000000000000000E+000  -10.0000000000000     
   6.71060428394799        3.06848773250897       -2.40618171171345     
  -10.0000000000000       -23.4948902148885        78.8630372180183     
   283.490189380826        35.7198161130835       -3.17737206259370     
   80.2369165605597        176.783899450424        49.6403740556358     
   302.507897643364        10.9749161140775       -37.1203800610953     
  -5.01646284517389        59.8859892654164        97.4705546838990     
  -80.7063958587878       0.000000000000000E+000  0.000000000000000E+000
  -1.00000000000000       0.000000000000000E+000  0.000000000000000E+000
  0.000000000000000E+000  -4.00000000000000        6.69426099210719     
  -4.00000000000000       0.000000000000000E+000  -6.00000000000000     
 -0.908643845474753        44.4971749605189       -3.48702253774386     
  -6.00000000000000       -10.2530660983227        39.1160041547179     
   237.890039357179        7.95536200422495        20.6536498311829     
   27.3366586137685       -16.8221131841779        29.4862022076586     
   48.1523313151836        24.1911019784029     
  0.000000000000000E+000  0.000000000000000E+000  -5.00000000000000     
   2.09619975462285       -5.00000000000000       0.000000000000000E+000
  -10.0000000000000        6.21204457058439       -25.3547507879234     
  -3.59439230338720       -10.0000000000000       -4.58305869252968     
  -81.8687417718339       -51.8125450569985       -93.1489647258100     
 -0.974357748414176       -42.9865236516924        19.1786593717215     
  -26.3545249611344        5.49217385180890       -3.10799005011474     
  -21.1646817037432       -1.92278929563759        16.5868432045411     
   86.7153890705406       0.000000000000000E+000  0.000000000000000E+000
  0.000000000000000E+000  -1.00000000000000       0.000000000000000E+000
  0.000000000000000E+000  0.000000000000000E+000  -4.00000000000000     
   1.21841194666710       -4.00000000000000       0.000000000000000E+000
  -6.00000000000000       -14.9809021409649       -19.0646153359258     
  -21.2613997813357       -4.00000000000000       -4.45852594636950     
  -38.3938878887663        35.7603610664505      -0.994032146576199     
  -3.06382578984079      -0.880234026726587       -9.56823739431574     
  0.840343650514763       -14.1151396967783     
  0.000000000000000E+000  0.000000000000000E+000  0.000000000000000E+000
  -5.00000000000000       -6.66907081380683       0.000000000000000E+000
  0.000000000000000E+000  -10.0000000000000       -36.8584918174963     
  -16.3567240239156       0.000000000000000E+000  -10.0000000000000     
  -63.9057374093779       -91.0348245721959       -123.408141204239     
  -5.00000000000000       -27.2876215651710        12.3367752800593     
  -37.5957352115978       -4.01211111961909      -0.675987778233972     
  -15.3365600877028        7.95651821827033        21.2811455514112     
   13.3277239697459       0.000000000000000E+000  0.000000000000000E+000
  0.000000000000000E+000  0.000000000000000E+000  -1.00000000000000     
  0.000000000000000E+000  0.000000000000000E+000  0.000000000000000E+000
  -4.00000000000000       -3.62138263508849       0.000000000000000E+000
  0.000000000000000E+000  -6.00000000000000       -27.6236890163310     
  -27.2483885810598       0.000000000000000E+000  -4.00000000000000     
  -29.3090750500596        20.3147731863011       -3.86794715636682     
  -1.00000000000000      -0.928039960565127       -6.87902263472347     
   4.65133684225864       -2.39150267966865     
  -67.6208301655798        21.7090526912010       -35.5398845400552     
   4.33014830388294        1.00000000000000        71.9857277166428     
  -6.57454899322732        2.96997758187935        4.00000000000000     
  0.000000000000000E+000   16.4438900123190        7.98097318970206     
   6.00000000000000       0.000000000000000E+000  0.000000000000000E+000
   1.02921684645310        4.00000000000000       0.000000000000000E+000
  0.000000000000000E+000  0.000000000000000E+000   1.00000000000000     
  0.000000000000000E+000  0.000000000000000E+000  0.000000000000000E+000
  0.000000000000000E+000   15.7981336743900       -15.5911887741394     
   5.20793611183870        1.00000000000000       0.000000000000000E+000
   7.96340426703104        12.7429425437023        3.00000000000000     
  0.000000000000000E+000  0.000000000000000E+000   2.66621534340213     
   3.00000000000000       0.000000000000000E+000  0.000000000000000E+000
  0.000000000000000E+000   1.00000000000000       0.000000000000000E+000
  0.000000000000000E+000  0.000000000000000E+000  0.000000000000000E+000
  0.000000000000000E+000  0.000000000000000E+000  0.000000000000000E+000
  0.000000000000000E+000  0.000000000000000E+000
  -38.2388734870125        5.05561353342850       -8.60099790674262     
   5.68073719247917      -0.966263914478700        48.3360218723158     
  -4.15788253344160        22.7038355274012       -3.05365070141219     
   4.00000000000000        16.6865897644358      -0.576544010471480     
   4.23295268789505        6.00000000000000       0.000000000000000E+000
   4.00000000000000        3.25885638781067        4.00000000000000     
  0.000000000000000E+000  0.000000000000000E+000  0.000000000000000E+000
   1.00000000000000       0.000000000000000E+000  0.000000000000000E+000
  0.000000000000000E+000   8.85945865039667       -11.1976075266445     
 -0.842661016647686       -4.01395209319704        1.00000000000000     
   6.52376987971614        3.31836687956825       -3.24976373277274     
   3.00000000000000       0.000000000000000E+000   3.00000000000000     
   3.99622974917411        3.00000000000000       0.000000000000000E+000
  0.000000000000000E+000  0.000000000000000E+000   1.00000000000000     
  0.000000000000000E+000  0.000000000000000E+000  0.000000000000000E+000
  0.000000000000000E+000  0.000000000000000E+000  0.000000000000000E+000
  0.000000000000000E+000  0.000000000000000E+000
  -34.7345270933289        6.46211595735177       -37.4366114347102     
   16.6102855473202        43.3549513231220        34.9209021180899     
  -30.1928045634441        46.6449574638503        20.8341342255437     
   10.2857364937715        6.00000000000000        18.1799616012768     
   14.3458834455924        27.7419743835963        6.00000000000000     
  0.000000000000000E+000   4.00000000000000        8.72970782965550     
   4.00000000000000       0.000000000000000E+000  0.000000000000000E+000
  0.000000000000000E+000   1.00000000000000       0.000000000000000E+000
  0.000000000000000E+000   2.07606546767190       -28.3028382560942     
   6.16860312960613        4.21998707412844        12.1846337523316     
   3.00000000000000        16.6771006677316       -2.03344040600777     
   10.4375493899009        3.00000000000000       0.000000000000000E+000
   3.00000000000000        8.93104563094752        3.00000000000000     
  0.000000000000000E+000  0.000000000000000E+000  0.000000000000000E+000
   1.00000000000000       0.000000000000000E+000  0.000000000000000E+000
  0.000000000000000E+000  0.000000000000000E+000  0.000000000000000E+000
  0.000000000000000E+000  0.000000000000000E+000
  -16.0010264106061       -22.5646288351670        36.1895814069424     
   2.28848283346961       -104.881172535715        4.00000000000000     
  -18.8210743423475        3.84739874176388       -61.1044487740824     
  -18.6206559045658       0.000000000000000E+000   6.00000000000000     
   2.53055210039605        9.41333117651671        12.5784371160021     
  0.000000000000000E+000  0.000000000000000E+000   4.00000000000000     
   5.84865290299211        4.00000000000000       0.000000000000000E+000
  0.000000000000000E+000  0.000000000000000E+000   1.00000000000000     
  0.000000000000000E+000   1.00000000000000       -11.9396473411445     
  -19.8624913274816       -42.2248210093037       -20.0496198934894     
  0.000000000000000E+000   3.00000000000000       -6.18768664821627     
  -11.1891504480028       -2.82531463913292       0.000000000000000E+000
  0.000000000000000E+000   3.00000000000000        5.23175207711864     
   3.00000000000000       0.000000000000000E+000  0.000000000000000E+000
  0.000000000000000E+000   1.00000000000000       0.000000000000000E+000
  0.000000000000000E+000  0.000000000000000E+000  0.000000000000000E+000
  0.000000000000000E+000  0.000000000000000E+000
   1.00000000000000        8.39945043437314       -8.72650504104491     
   22.7650969760630        121.054847918763       0.000000000000000E+000
   4.00000000000000        2.97395418026135        45.7798748330012     
   29.3716100673363       0.000000000000000E+000  0.000000000000000E+000
   6.00000000000000        30.3487532548641        48.0115908641163     
  0.000000000000000E+000  0.000000000000000E+000  0.000000000000000E+000
   4.00000000000000        11.0625664126139       0.000000000000000E+000
  0.000000000000000E+000  0.000000000000000E+000  0.000000000000000E+000
   1.00000000000000       0.000000000000000E+000   1.00000000000000     
   7.92187037319030        23.1811031145361        32.4661844224599     
  0.000000000000000E+000  0.000000000000000E+000   3.00000000000000     
   10.0329848807327        4.51893180460305       0.000000000000000E+000
  0.000000000000000E+000  0.000000000000000E+000   3.00000000000000     
   11.9423890113836       0.000000000000000E+000  0.000000000000000E+000
  0.000000000000000E+000  0.000000000000000E+000   1.00000000000000     
  0.000000000000000E+000  0.000000000000000E+000  0.000000000000000E+000
  0.000000000000000E+000  0.000000000000000E+000
  -65.6750517717923        12.6532874479458       -25.3588835354812     
   4.00000000000000       0.000000000000000E+000   51.1570892448189     
  -3.48204198990084        9.08495356496787        1.07599957846298     
   1.00000000000000        17.1433473940901        6.58605540069046     
   3.54514611326735        4.00000000000000       0.000000000000000E+000
   6.30285829260051       -2.56603653542069        6.00000000000000     
  0.000000000000000E+000  0.000000000000000E+000 -0.991983538491410     
   4.00000000000000       0.000000000000000E+000  0.000000000000000E+000
  0.000000000000000E+000   15.8442367953220       -11.8120711091866     
   3.00000000000000       0.000000000000000E+000  0.000000000000000E+000
   6.56226284480514        1.45026029564526      -0.327355463056212     
   1.00000000000000       0.000000000000000E+000   2.09159177472072     
  0.386014904829881        3.00000000000000       0.000000000000000E+000
  0.000000000000000E+000 -0.739931356160255        3.00000000000000     
  0.000000000000000E+000  0.000000000000000E+000  0.000000000000000E+000
   1.00000000000000       0.000000000000000E+000  0.000000000000000E+000
  0.000000000000000E+000  0.000000000000000E+000
   24.7289003333384        10.3913918665882       -4.39675812619471     
   1.50154710934160        4.00000000000000        4.78802568239577     
   17.9814203788910       -27.0605514374413        16.0965401987924     
  -4.13701701722802        13.1067090046645       -6.36582760939437     
   36.2420276960369        17.5949139185296        4.00000000000000     
  -3.41524178534110        16.7417963222180        9.48724275269141     
   6.00000000000000       0.000000000000000E+000   4.00000000000000     
   5.64802751317775        4.00000000000000       0.000000000000000E+000
  0.000000000000000E+000  -6.03812074474636        2.80180787760349     
   4.15977866761655        3.00000000000000       0.000000000000000E+000
 -0.596004755859631        12.0071104415417        10.1314390205866     
 -2.486813440767044E-002   1.00000000000000       0.650900239127874     
   11.3647687625807        9.24640269018935        3.00000000000000     
  0.000000000000000E+000   3.00000000000000       0.844853466378109     
   3.00000000000000       0.000000000000000E+000  0.000000000000000E+000
  0.000000000000000E+000   1.00000000000000       0.000000000000000E+000
  0.000000000000000E+000  0.000000000000000E+000
  -15.4467655252592        15.6372002293439       -19.1357126322188     
   5.80868426427270        16.3852866813587        49.8419706400284     
   9.13578695163102       -18.5002609787797        28.3699446345447     
  -7.10878187497571        20.8167382199360       0.383279039015692     
   42.1671059140215        50.7271576462349        27.8224982153662     
   6.00000000000000        10.7312652692250        10.1308176485990     
   20.2030554022684        6.00000000000000       0.000000000000000E+000
   4.00000000000000       0.232766563074803        4.00000000000000     
  0.000000000000000E+000   3.00000000000000       -9.15205014310397     
   5.90560531565753        3.76141743734751        3.00000000000000     
   5.88942182622952        13.1024315809784        7.81840363840337     
   2.20480531575101        3.48080470785621        3.00000000000000     
   8.76072625816098        4.97294503437141        14.1696938294936     
   3.00000000000000       0.000000000000000E+000   3.00000000000000     
   4.18265909515438        3.00000000000000       0.000000000000000E+000
  0.000000000000000E+000  0.000000000000000E+000   1.00000000000000     
  0.000000000000000E+000  0.000000000000000E+000
   4.00000000000000        4.34783468396042       -13.1806551547340     
   26.5772253218336        19.0694520742215        7.03762227483237     
 -0.834291730301176        52.6840575928991       -13.4585441252812     
   53.6142861688631        4.00000000000000       -5.02725609205014     
  -30.8264262837384       -63.4654395562560       -9.29908195730070     
  0.000000000000000E+000   6.00000000000000       -9.35498026571482     
  -29.1106319540027       -4.96318338810749       0.000000000000000E+000
  0.000000000000000E+000   4.00000000000000       -8.39390640333022     
   4.00000000000000       0.000000000000000E+000   3.00000000000000     
   1.26671755314166       -2.14577256673928        9.38767980225609     
   1.00000000000000        1.64837694727022       -6.45310986188307     
   15.4349612066276       -5.39549611796802       0.000000000000000E+000
   3.00000000000000       0.752551658082000       -29.2479035303598     
   7.17980292812233       0.000000000000000E+000  0.000000000000000E+000
   3.00000000000000       -9.50351851992077        3.00000000000000     
  0.000000000000000E+000  0.000000000000000E+000  0.000000000000000E+000
   1.00000000000000       0.000000000000000E+000
  0.000000000000000E+000   4.00000000000000        15.2677651997703     
   47.6401399724027        174.776908426510        1.00000000000000     
   9.21043392643457       -28.3153295638672        76.8907561580091     
   83.2891795952901       0.000000000000000E+000   4.00000000000000     
   42.2459153663392        178.149212258470        304.688671374396     
  0.000000000000000E+000  0.000000000000000E+000   6.00000000000000     
   38.1470590028940        76.3467674434284       0.000000000000000E+000
  0.000000000000000E+000  0.000000000000000E+000   4.00000000000000     
   1.05507160909667       0.000000000000000E+000  0.000000000000000E+000
   3.00000000000000        19.0455414522454        50.5251187199513     
  0.000000000000000E+000   1.00000000000000        9.44168071076346     
   12.8329653351484        8.80114072150159       0.000000000000000E+000
  0.000000000000000E+000   3.00000000000000        29.3177479840821     
   79.4867049459359       0.000000000000000E+000  0.000000000000000E+000
  0.000000000000000E+000   3.00000000000000        6.97860854119155     
  0.000000000000000E+000  0.000000000000000E+000  0.000000000000000E+000
  0.000000000000000E+000   1.00000000000000     
   25.7415426332728       -2.05895235388847        6.00000000000000     
  0.000000000000000E+000  0.000000000000000E+000   4.11084287911428     
   16.5978765045335       -10.0430503394386        4.00000000000000     
  0.000000000000000E+000   25.3504401033763       -23.0677975237509     
   22.2016183722206        5.35692793317296        1.00000000000000     
  -16.0095534759980        31.9477895488938        1.04665217176678     
   4.00000000000000       0.000000000000000E+000   15.3229913904322     
   16.3916454277980        6.00000000000000       0.000000000000000E+000
  0.000000000000000E+000  -5.86374179273643        3.00000000000000     
  0.000000000000000E+000  0.000000000000000E+000  0.000000000000000E+000
 -7.333555247395740E-002   2.37204925529942        3.00000000000000     
  0.000000000000000E+000  0.000000000000000E+000   5.00073352132163     
   13.2197408195652        2.56580147892367        1.00000000000000     
  0.000000000000000E+000   14.0532518922221      -0.915135903280841     
   3.00000000000000       0.000000000000000E+000  0.000000000000000E+000
   2.89725919067987        3.00000000000000       0.000000000000000E+000
  0.000000000000000E+000  0.000000000000000E+000
  -8.42186276613988        13.5132544432702       -13.5160257462340     
   6.00000000000000       0.000000000000000E+000   48.1278778275541     
   19.4010084449692        4.88768117112037        10.0638408958964     
   4.00000000000000        49.0296166886483       -21.6376875925335     
   40.2011026462148        18.0657862476710        7.21863712929331     
  -8.11686853896171        32.8336105382677        9.66882137957628     
   19.9754012860402        4.00000000000000        11.6539010759494     
   10.1667707254567        2.03084957600229        6.00000000000000     
  0.000000000000000E+000   3.00000000000000       -2.32237398437984     
   3.00000000000000       0.000000000000000E+000  0.000000000000000E+000
   6.08464842662467        9.62237395281972        2.02580520138431     
   3.00000000000000       0.000000000000000E+000   4.71384077168902     
   16.4373918821443        1.38143632378316        3.82797056995452     
   1.00000000000000        12.8262586891671        7.16585688499518     
   14.2967282384652        3.00000000000000       0.000000000000000E+000
   3.00000000000000      -0.416201066224215        3.00000000000000     
  0.000000000000000E+000  0.000000000000000E+000
   6.00000000000000        20.1873984094753       -7.02403242962171     
   4.28095360659633        6.00000000000000        33.9552365485611     
   28.6118948321751       -26.4078950707718        26.9966845391996     
  -3.52956288121004        31.2003546444804       -16.8742294661888     
   72.3906318569080        37.7713379584512        38.6532317253599     
   6.35311405174987        42.0238902349607        3.17104590427682     
   36.7929030453072      -0.718526797362997        6.00000000000000     
   25.5870115254113        14.9870877668751        2.30343279429367     
   6.00000000000000       0.000000000000000E+000   3.00000000000000     
   4.95100826583913        3.00000000000000       0.000000000000000E+000
   3.00000000000000        13.8036499600876        9.79251446867771     
   1.96330876462448        3.00000000000000        3.98385060578703     
   18.0114300287692        6.11135901529433        10.4489508176273     
   6.84357500262653        3.00000000000000        7.28025893680993     
   25.3807292100232       -4.92263400368048        3.00000000000000     
  0.000000000000000E+000   3.00000000000000        3.89723044820249     
   3.00000000000000       0.000000000000000E+000
  0.000000000000000E+000   6.00000000000000       -5.67430001310349     
   3.53006141572117        19.9145236350640        4.00000000000000     
   3.84054357559063       -10.4204946010994        40.7899477906458     
   9.78754198388332        3.64068081043832      -0.182929823557298     
   41.7917439287217        94.4263019930975        136.097222228780     
   4.00000000000000        10.3732990901969       -7.15645026232479     
   31.3770838655104        24.6632114915739       0.000000000000000E+000
   6.00000000000000       -1.05658966115992       -1.91357143374054     
  -16.5336781237200       0.000000000000000E+000  0.000000000000000E+000
   3.00000000000000        4.59602378681415        3.00000000000000     
  0.000000000000000E+000   3.00000000000000        2.94913316332083     
   2.56439506086129        6.17543531209482        1.00000000000000     
   1.58515076525648       -2.25799893770603        25.9334229068399     
   31.6174563425821       0.000000000000000E+000   3.00000000000000     
   11.0002684090308       -6.68368146952248        1.44411314651661     
  0.000000000000000E+000  0.000000000000000E+000   3.00000000000000     
 -0.207180473951950        3.00000000000000     
  0.000000000000000E+000  0.000000000000000E+000   6.00000000000000     
   21.7650887612296        69.7315327585221       0.000000000000000E+000
   4.00000000000000        4.03601108864522        107.784035132238     
   81.8648729872313        1.00000000000000        5.62843914516425     
   77.2585062396197        365.786040720061        666.787376395483     
  0.000000000000000E+000   4.00000000000000        9.81229864061403     
   75.5388256992177        173.168308643628       0.000000000000000E+000
  0.000000000000000E+000   6.00000000000000        14.8351334631491     
  -44.1909703805974       0.000000000000000E+000  0.000000000000000E+000
  0.000000000000000E+000   3.00000000000000        13.4860407337550     
  0.000000000000000E+000  0.000000000000000E+000   3.00000000000000     
   10.9124114513418        26.6302858365430       0.000000000000000E+000
   1.00000000000000        8.10450071096504        61.8397616703228     
   176.751775456602       0.000000000000000E+000  0.000000000000000E+000
   3.00000000000000        2.31181133352504        8.27290570797958     
  0.000000000000000E+000  0.000000000000000E+000  0.000000000000000E+000
   3.00000000000000        9.19448577985242     
  -2.83902136422468        4.00000000000000       0.000000000000000E+000
  0.000000000000000E+000  0.000000000000000E+000   13.9375805309766     
   11.5808206424168        6.00000000000000       0.000000000000000E+000
  0.000000000000000E+000   55.7806281596371       -11.5270314464168     
   25.6798902098128        4.00000000000000       0.000000000000000E+000
  -22.7107472038523        42.0834422047782        11.2457645966455     
   11.7581010740261        1.00000000000000        20.5021686654773     
   28.3286991691110      -0.842306619503916        4.00000000000000     
  0.000000000000000E+000   1.00000000000000       0.000000000000000E+000
  0.000000000000000E+000  0.000000000000000E+000  0.000000000000000E+000
   1.22235770523689        3.00000000000000       0.000000000000000E+000
  0.000000000000000E+000  0.000000000000000E+000   4.34999497941906     
   11.0522032901666        3.00000000000000       0.000000000000000E+000
  0.000000000000000E+000   31.0482771247232        7.48890935836260     
   11.1412002481526        1.00000000000000       0.000000000000000E+000
   20.4825950939244      -0.133829271417791        3.00000000000000     
  0.000000000000000E+000  0.000000000000000E+000
   4.00000000000000      -0.480494845656477        4.00000000000000     
  0.000000000000000E+000  0.000000000000000E+000   8.96751940995986     
  -29.9040211133903       -16.8218210600242        6.00000000000000     
  0.000000000000000E+000  -86.7750113392961        78.6403037744558     
  -70.1124425044285       -1.04192912019173        4.00000000000000     
   51.9174084607492       -79.3865180501760       -13.5556911086292     
  -36.2245441690710       -9.41228600218611       -34.8794536916258     
   13.6359681382600        1.96227206537248       -13.4307210612970     
   4.00000000000000       0.000000000000000E+000   1.00000000000000     
  0.000000000000000E+000  0.000000000000000E+000  0.000000000000000E+000
   3.00000000000000      -0.958074906839323        3.00000000000000     
  0.000000000000000E+000  0.000000000000000E+000  -6.24214166588725     
  -36.1255728547431      -0.882845079523197        3.00000000000000     
  0.000000000000000E+000  -38.8185287440403       -6.68921232390039     
  -36.9608604487682       -8.53246340341643        1.00000000000000     
  -2.03164168260671        5.42699533259847       -8.22709400765225     
   3.00000000000000       0.000000000000000E+000
  0.000000000000000E+000   4.00000000000000       -5.10757548920565     
   4.00000000000000       0.000000000000000E+000   6.00000000000000     
   9.86932124756800        8.96909233877809        15.9623065050739     
   6.00000000000000        27.9426811169870       -17.8000713066909     
   53.9512596201316        28.8167308400789        22.8822932113003     
  -5.58547462242650        40.7968845978511       -7.24769659268111     
   35.9398322936954       -4.63627913206979        9.14126752876275     
   9.83309370330140        5.57528424508531       0.191747490032845     
  -14.4136629346685       0.000000000000000E+000  0.000000000000000E+000
   1.00000000000000       0.000000000000000E+000  0.000000000000000E+000
  0.000000000000000E+000   3.00000000000000      -0.701089834792826     
   3.00000000000000       0.000000000000000E+000   3.00000000000000     
   11.2641514353475      -0.531893480815615        12.4533312153091     
   3.00000000000000        10.5119395460940        6.62255461454840     
   29.1348040805224       -9.41019787768326       0.256962317974871     
   3.00000000000000      -0.614515470337762        5.16216384723622     
   3.09998554364124        3.00000000000000     
  0.000000000000000E+000  0.000000000000000E+000   4.00000000000000     
   1.52989919856380        4.00000000000000       0.000000000000000E+000
   6.00000000000000        5.11580587551561        56.1262275046758     
   12.4728542212447        4.00000000000000        17.1157508231746     
   132.413269664204        95.9470965432741        123.223779142118     
   5.21791708097020        62.0537389630206       -55.2384931514069     
   49.2816556489785       -41.5125664544355        4.00000000000000     
   33.5109835770014        18.2341954545181       -45.5325954630014     
  -90.4279850216314       0.000000000000000E+000  0.000000000000000E+000
  0.000000000000000E+000   1.00000000000000       0.000000000000000E+000
  0.000000000000000E+000  0.000000000000000E+000   3.00000000000000     
   2.40768700651956        3.00000000000000       0.000000000000000E+000
   3.00000000000000        17.6890199426577        46.7473878056763     
   22.4016138631862        1.00000000000000        6.85491557791923     
   61.1083711045735       -72.7402600310027      -0.480011664683977     
  0.000000000000000E+000   3.00000000000000        12.2465458586832     
   4.49836438092744        15.6066111847775     
  0.000000000000000E+000  0.000000000000000E+000  0.000000000000000E+000
   4.00000000000000        5.93056059815142       0.000000000000000E+000
  0.000000000000000E+000   6.00000000000000        23.4878911189776     
   9.20191436993799       0.000000000000000E+000   4.00000000000000     
   26.8872913755514        62.4583153882213        88.2005908185142     
   1.00000000000000        6.26847776770741      -0.769330882443390     
   23.3620297922039        1.15917424078701       0.000000000000000E+000
   4.00000000000000       -11.2648552525718       -15.5491540502423     
   30.7490916215101       0.000000000000000E+000  0.000000000000000E+000
  0.000000000000000E+000  0.000000000000000E+000   1.00000000000000     
  0.000000000000000E+000  0.000000000000000E+000  0.000000000000000E+000
   3.00000000000000        2.88287241943308       0.000000000000000E+000
  0.000000000000000E+000   3.00000000000000        16.3949535749869     
   18.0567149688233       0.000000000000000E+000   1.00000000000000     
   7.00585112907085       -5.35878821993708        11.0550325533531     
  0.000000000000000E+000  0.000000000000000E+000   3.00000000000000     
  -6.42102878540397       -4.06551448904429     
   1.00000000000000       0.000000000000000E+000  0.000000000000000E+000
  0.000000000000000E+000  0.000000000000000E+000   11.3357484620075     
   4.00000000000000       0.000000000000000E+000  0.000000000000000E+000
  0.000000000000000E+000   63.7349054863674        7.91217040457371     
   6.00000000000000       0.000000000000000E+000  0.000000000000000E+000
  -20.6346828006982        39.0940135467344        12.8380095139196     
   4.00000000000000       0.000000000000000E+000   15.1411598782209     
   26.8862082653750       -19.4807400865967        5.15778306685547     
   1.00000000000000       0.000000000000000E+000  0.000000000000000E+000
  0.000000000000000E+000  0.000000000000000E+000  0.000000000000000E+000
   1.00000000000000       0.000000000000000E+000  0.000000000000000E+000
  0.000000000000000E+000  0.000000000000000E+000   5.94650313444537     
   3.00000000000000       0.000000000000000E+000  0.000000000000000E+000
  0.000000000000000E+000   48.5116896297470        9.39385196753070     
   3.00000000000000       0.000000000000000E+000  0.000000000000000E+000
   48.8571159791597       -6.49089988156388        4.04817095026491     
   1.00000000000000       0.000000000000000E+000
  0.000000000000000E+000   1.00000000000000       0.000000000000000E+000
  0.000000000000000E+000  0.000000000000000E+000   4.00000000000000     
   7.39275909774145        4.00000000000000       0.000000000000000E+000
  0.000000000000000E+000   31.5112360417877       -8.78254495337263     
   29.6089677829331        6.00000000000000       0.000000000000000E+000
  -14.1564926951359        46.5063167503573        6.09274122065571     
   21.6013489365620        4.00000000000000        21.1967178735394     
   57.2177585800400        17.5919747187924        6.11164493031059     
  -4.67136570252236       0.000000000000000E+000  0.000000000000000E+000
  0.000000000000000E+000  0.000000000000000E+000  0.000000000000000E+000
  0.000000000000000E+000   1.00000000000000       0.000000000000000E+000
  0.000000000000000E+000  0.000000000000000E+000   3.00000000000000     
   7.62400588207034        3.00000000000000       0.000000000000000E+000
  0.000000000000000E+000   17.7206400241718        4.09496298866088     
   18.4984752293691        3.00000000000000       0.000000000000000E+000
   9.75720540074733        8.77363760404100        1.72222056193083     
   1.25217122957252        1.00000000000000     
  0.000000000000000E+000  0.000000000000000E+000   1.00000000000000     
  0.000000000000000E+000  0.000000000000000E+000  0.000000000000000E+000
   4.00000000000000        3.17654536664661        4.00000000000000     
  0.000000000000000E+000   6.00000000000000        9.22390158847503     
   64.6205538000507        14.7243475522894        6.00000000000000     
   10.2608364801906        45.4386355299111        6.39079704576880     
   60.7437273150270       0.539106566464960       -1.11872249476983     
   10.9227712804207        13.9678049512396        15.6742560386908     
  -18.8640457300224       0.000000000000000E+000  0.000000000000000E+000
  0.000000000000000E+000  0.000000000000000E+000  0.000000000000000E+000
  0.000000000000000E+000  0.000000000000000E+000   1.00000000000000     
  0.000000000000000E+000  0.000000000000000E+000  0.000000000000000E+000
   3.00000000000000        8.17017905786716        3.00000000000000     
  0.000000000000000E+000   3.00000000000000        8.48190722801023     
   49.1254803370604       -1.81921086832562        3.00000000000000     
   6.68992474302745       -1.43251236365856        6.41146912848007     
   8.74051966507464        4.99778523109963     
  0.000000000000000E+000  0.000000000000000E+000  0.000000000000000E+000
   1.00000000000000       0.000000000000000E+000  0.000000000000000E+000
  0.000000000000000E+000   4.00000000000000        10.4165598358970     
   4.00000000000000       0.000000000000000E+000   6.00000000000000     
   32.5873847398940        20.7089881074909        16.2541057951795     
   4.00000000000000        18.0651029348419       -7.48135329627872     
   19.1030121956494       -4.10767905715112      -6.252243742144103E-002
   6.92140928405192        5.30753114932264       -3.90824700838214     
  -16.5104324260181       0.000000000000000E+000  0.000000000000000E+000
  0.000000000000000E+000  0.000000000000000E+000  0.000000000000000E+000
  0.000000000000000E+000  0.000000000000000E+000  0.000000000000000E+000
   1.00000000000000       0.000000000000000E+000  0.000000000000000E+000
  0.000000000000000E+000   3.00000000000000        9.01320479437785     
   3.00000000000000       0.000000000000000E+000   3.00000000000000     
   20.0876932740225       -10.4480062316636       -2.93109867721468     
   1.00000000000000       0.189529744909714        3.01106493220503     
   2.55607705779416        2.76148031907512     
  0.000000000000000E+000  0.000000000000000E+000  0.000000000000000E+000
  0.000000000000000E+000   1.00000000000000       0.000000000000000E+000
  0.000000000000000E+000  0.000000000000000E+000   4.00000000000000     
   5.62593389488912       0.000000000000000E+000  0.000000000000000E+000
   6.00000000000000        14.7154647912878        25.8641815925777     
  0.000000000000000E+000   4.00000000000000       -1.47065142541505     
  -13.6169071663184        16.7891539914523        1.00000000000000     
   7.33253337443015       -12.3582010822304       -3.74357138875365     
  -50.3067623559629       0.000000000000000E+000  0.000000000000000E+000
  0.000000000000000E+000  0.000000000000000E+000  0.000000000000000E+000
  0.000000000000000E+000  0.000000000000000E+000  0.000000000000000E+000
  0.000000000000000E+000   1.00000000000000       0.000000000000000E+000
  0.000000000000000E+000  0.000000000000000E+000   3.00000000000000     
   9.73808277770947       0.000000000000000E+000  0.000000000000000E+000
   3.00000000000000       -3.39599734916951       -10.1544100338748     
  0.000000000000000E+000   1.00000000000000        2.52935932763051     
  -5.36750356307683        5.79611077966172     
